Array [1..10]:
     12       13       14       15       16       17       18       19       15        0  

Key: 7
Linear search result: -1
Linear search time: 3.9000001e-06 seconds
Array [1..10] (sorted):
      0       12       13       14       15       15       16       17       18       19  

Binear search result: -1
Binear search time: 2.6e-06 seconds


Array [1..500]:
 21.908   27.255       98   51.017   67.623   29.351   79.524       60   37.617       24  
 77.701   43.478       24       50   33.988    29.84   47.052       50   47.065       42  
 27.172        6   45.834   47.841        2   45.365   55.529       20       86   21.474  
 23.623   35.458       44   93.077   71.126   13.287    85.49   87.174   31.069   51.011  
     86       74       76   11.633       44   15.062   41.385   11.743       34   25.932  
     86   25.231   93.586   33.639    31.12        6       36   77.126   69.269   3.7799  
     32    53.51       38   55.302       22       74   43.784   83.474   83.862       60  
 39.472        0        2       42       34   13.956       96       66       48    47.83  
 95.509   21.169       72   55.264   55.244       76   49.275   15.014   13.857   97.145  
 33.933       58       32       26   83.798       22       24   3.1125       12   25.087  
  85.53       94       48       28   25.805       74       20   75.977        2       36  
 73.744   67.392   83.394   75.116   71.381        0   89.505   33.284       14   7.7246  
      2   73.385        4   89.957       56       26   85.074   85.362       40   77.458  
 93.036   77.493    31.19   77.696   57.769        6       96       50       64       68  
     74       40        6   67.041   55.593   89.592   61.356   81.338    3.901   5.3652  
 67.337       74        8    9.237   73.268       20   73.799   1.1151   63.021   79.084  
     76     33.7       72   41.049   99.096    55.61       54       24       62    23.15  
     18       40   95.427   89.468   7.8524   5.2935   89.146       46       64   91.926  
 71.364    51.88       38       56       58    17.16       18   17.105       18   87.717  
 25.337       66        0   57.735       84       96       36    21.93    27.26       40  
     80       36   33.695       68   99.588   79.967   79.337   21.573   45.478       10  
     40        0       84   97.323       50   45.623       86   37.169       42       92  
 29.618       28       92   37.035   87.651        4        8       34       88       44  
      4   5.5975       42       18       46       24   25.268       24       24   51.416  
     80       84       20       32       62   83.966   45.083       66    23.66       28  
     14   35.589   31.545   47.292   49.711   27.256   63.304   31.751   61.758       76  
 13.058   17.725   31.409       60       18   99.847       30   67.877   41.632   81.264  
     84       86       84       46       88   67.298   99.095   41.013   97.561   77.846  
 99.336       10   37.097   37.903       60   99.313   43.833   31.624   31.017   21.025  
  83.83       26    7.123       98       74       38   13.603   5.3499       96       96  
     34       14       98       10        4       84       76       36   65.662   73.099  
      0    13.95       18       56   47.687   65.178   69.878       40   1.6005   95.888  
     74   89.559       58       40       10       40       62   59.956       44   47.731  
     86       34       88    83.08   97.133       40   37.956   43.995       38       34  
     90       26       22    47.89   59.627       46   69.877   53.435   19.476       96  
     90   5.0488   81.048   43.827   13.271   61.897       42       20       20   89.425  
 9.5736   59.144        6   33.382   63.366        2       90       18   7.2534    1.089  
 71.882       28        8       36   65.954   77.281       88       54        8       84  
  73.93   15.823       20       96   47.641       48       92       72   19.929   99.635  
 25.741   79.199   15.987    93.21       92       92       78       52       24       16  
     64   93.074       58    49.07   27.649   47.939   11.303   13.926       60   59.861  
 3.7518       16   79.231   79.872    93.98   15.926       68       38   47.239   37.928  
     78   35.725   55.776       34   53.902       78   33.795   51.793    59.21       34  
 51.041   89.456        2   89.043       84       12       66       64   67.176   39.056  
 13.939       44   57.039   69.899   49.481       32   39.127       46       56       18  
  81.53    89.37   67.356       36       14       96       40   83.183    71.94       50  
 95.585   55.146   1.3932       40   77.519       90   41.436   53.961   15.349   81.901  
   51.3       30        4   95.673   13.433   27.525       74       82   45.475       54  
 87.947       46   29.455       86   93.836   85.949   57.935   93.251    67.35       40  
 39.351        8   15.896       66       32   59.523        6   37.531       84   61.371  

Key: 5
Linear search result: -1
Linear search time: 1.8799999e-05 seconds
Array [1..500] (sorted):
      0        0        0        0        0    1.089   1.1151   1.3932   1.6005        2  
      2        2        2        2        2   3.1125   3.7518   3.7799    3.901        4  
      4        4        4        4   5.0488   5.2935   5.3499   5.3652   5.5975        6  
      6        6        6        6        6    7.123   7.2534   7.7246   7.8524        8  
      8        8        8        8    9.237   9.5736       10       10       10       10  
 11.303   11.633   11.743       12       12   13.058   13.271   13.287   13.433   13.603  
 13.857   13.926   13.939    13.95   13.956       14       14       14       14   15.014  
 15.062   15.349   15.823   15.896   15.926   15.987       16       16   17.105    17.16  
 17.725       18       18       18       18       18       18       18       18   19.476  
 19.929       20       20       20       20       20       20       20   21.025   21.169  
 21.474   21.573   21.908    21.93       22       22       22    23.15   23.623    23.66  
     24       24       24       24       24       24       24       24   25.087   25.231  
 25.268   25.337   25.741   25.805   25.932       26       26       26       26   27.172  
 27.255   27.256    27.26   27.525   27.649       28       28       28       28   29.351  
 29.455   29.618    29.84       30       30   31.017   31.069    31.12    31.19   31.409  
 31.545   31.624   31.751       32       32       32       32       32   33.284   33.382  
 33.639   33.695     33.7   33.795   33.933   33.988       34       34       34       34  
     34       34       34       34   35.458   35.589   35.725       36       36       36  
     36       36       36       36   37.035   37.097   37.169   37.531   37.617   37.903  
 37.928   37.956       38       38       38       38       38   39.056   39.127   39.351  
 39.472       40       40       40       40       40       40       40       40       40  
     40       40       40   41.013   41.049   41.385   41.436   41.632       42       42  
     42       42       42   43.478   43.784   43.827   43.833   43.995       44       44  
     44       44       44   45.083   45.365   45.475   45.478   45.623   45.834       46  
     46       46       46       46       46   47.052   47.065   47.239   47.292   47.641  
 47.687   47.731    47.83   47.841    47.89   47.939       48       48       48    49.07  
 49.275   49.481   49.711       50       50       50       50       50   51.011   51.017  
 51.041     51.3   51.416   51.793    51.88       52   53.435    53.51   53.902   53.961  
     54       54       54   55.146   55.244   55.264   55.302   55.529   55.593    55.61  
 55.776       56       56       56       56   57.039   57.735   57.769   57.935       58  
     58       58       58   59.144    59.21   59.523   59.627   59.861   59.956       60  
     60       60       60       60   61.356   61.371   61.758   61.897       62       62  
     62   63.021   63.304   63.366       64       64       64       64   65.178   65.662  
 65.954       66       66       66       66       66   67.041   67.176   67.298   67.337  
  67.35   67.356   67.392   67.623   67.877       68       68       68   69.269   69.877  
 69.878   69.899   71.126   71.364   71.381   71.882    71.94       72       72       72  
 73.099   73.268   73.385   73.744   73.799    73.93       74       74       74       74  
     74       74       74       74   75.116   75.977       76       76       76       76  
     76   77.126   77.281   77.458   77.493   77.519   77.696   77.701   77.846       78  
     78       78   79.084   79.199   79.231   79.337   79.524   79.872   79.967       80  
     80   81.048   81.264   81.338    81.53   81.901       82    83.08   83.183   83.394  
 83.474   83.798    83.83   83.862   83.966       84       84       84       84       84  
     84       84       84       84   85.074   85.362    85.49    85.53   85.949       86  
     86       86       86       86       86       86   87.174   87.651   87.717   87.947  
     88       88       88       88   89.043   89.146    89.37   89.425   89.456   89.468  
 89.505   89.559   89.592   89.957       90       90       90       90   91.926       92  
     92       92       92       92   93.036   93.074   93.077    93.21   93.251   93.586  
 93.836    93.98       94   95.427   95.509   95.585   95.673   95.888       96       96  
     96       96       96       96       96       96   97.133   97.145   97.323   97.561  
     98       98       98   99.095   99.096   99.313   99.336   99.588   99.635   99.847  

Binear search result: -1
Binear search time: 5.1000002e-06 seconds

onds

803914e-06 seconds

